111648679
53229950
111648679
456193667
354708537
821403404
272187450
268263316
268263316
268263316
198075393
31305822
365591244
216865107
363042690
216865107
336076027
21835987
324104847
949641
390731357
218539017
47851885
47851885
634586907
306872064
794161836
44502354
33811812
194920096
65732470
794161836
256915450
256915450
256915450
256915450
883417202
100473246
444260704
18065469
18065469
269852634
50368873
281520735
281520735
281527818
281527818
598723666
34811685
612104313
245059632
27000730
145034790
41357742
349348581
58711646
405851017
34078359
233743338
369783276
47851885
46649613
615606177
254225145
615606177
298625543
615606177
352090345
49464307
615606177
615606177
615606177
253749392
47851885
51718608
372837097
29284444
42970367
68818540
887594605
321335111
199549732
30023111
42826190
74939983
586077298
494140744
292672006
212950064
33811812
97379585
52004594
546101692
883714754
22963639
531685674
887678408
47851885
354708537
184961882
415981838
336076027
373748397
583372173
25585800
367375724
834852890
284395805
834852890
279263583
46649613
354708537
794274264
59912234
455443791
473996868
290670846
336076027
26766355
883372964
361342191
469484778
301580844
81988652
25884326
703497684
592745271
106826101
592745271
219769750
219769750
162857507
592745271
101234754
819896048
592745271
272187450
539342970
599744526
33811812
66615475
32881741
403759152
250383890
354708537
20146800
839177100
398435091
424218724
424218724
208112063
143128185
424218724
25584105
255422200
466404948
305815548
19150025
60370330
454831138
562276885
742726076
15992060
356116514
30489994
40222136
275612770
387416764
820441316
250743117
468567311
140641561
143103669
47376165
185022977
24622734
331246126
509294892
2467791
201981312
151859708
19692933
742726076
8548002
773685481
514954683
351810682
18007614
20339983
237572596
26413795
201740162
423022270
8346812
376357404
389236289
82101281
354708537
394153759
122427926
55425945
576702102
39660906
387383688
17426089
796100784
104304254
276446925
263132896
151551726
199386229
45327064
553745810
354708537
200636280
192477353
543972287
28031362
306872064
15050354
710167034
100597465
32260931
338989094
524640461
28875977
354708537
821712181
28695649
397433605
339760532
224775883
247002793
35332128
80791048
829558728
94212396
26070572
339760532
418979728
286776042
587086805
76742510
476019258
336076027
418979728
76742510
216845778
18728732
347461482
347461482
347461482
554449665
418979728
23197119
146992127
885791408
317372917
619238474
467296247
363042690
248054751
21670225
805228406
101826663
368003861
111648679
16564860
115404635
73490800
313799444
354708537
111648679
146992127
742726076
783594654
628413918
858167538
24802724
248054751
153613428
385700614
29990795
135646908
463639406
525652923
361835589
486583143
130996903
376876772
38463287
447948607
169681526
282211632
336076027
272187450
316513037
545152977
29990795
18534209
788605477
126702571
354708537
46649613
743945676
22253744
582140844
363042690
863604271
313218030
46649613
14360730
105604209
173431221
305815548
108124138
817269902
218657077
193343561
6782762
175458688
68818540
272187450
42826190
42826190
24382424
85181202
16123223
66265121
354708537
349009222
125671954
294603383
194268330
26632935
37321457
30573935
39313228
817269902
718899043
418709408
17112369
302817075
462420179
462420179
71690954
499592627
231407577
46649613
817269902
197063540
243053646
21442619
33240098
94165248
35784576
393661424
156501196
879176112
16377693
24524057
34104068
883547376
26172932
295421748
317964284
883151882
700469299
372837097
25986794
268433823
282719389
255123448
176506763
354708537
406029700
39327538
318676945
571136614
49323761
361342191
201981312
44611134
303252257
18150288
336076027
239154848
634812756
18011486
93203347
51268700
228189745
325294712
190820595
74939983
14526093
889863330
37228198
806010806
229212390
855571980
264422645
449056680
274132729
891964657
287956997
437922585
544152740
463998008
349758661
345426891
14287627
27653089
27277336
227837742
146619868
616307456
21408149
24655962
41971320
753928664
390472547
248683316
361517124
739492741
142117632
211337042
490007575
443158945
422145250
460143403
490007575
136173938
339034131
490007575
339034131
490007575
339034131
98827723
208147811
339034131
64298021
179874061
31176510
339034131
316337192
339034131
36048781
443158945
316337192
119795333
74577566
339034131
58711646
36048781
31176510
23202327
339034131
15962135
354708537
196292489
198095537
314247095
727161668
100580030
334859362
50778486
755182140
339034131
861327578
336076027
378844779
114259310
34530038
725923399
339034131
339034131
262645734
449008775
372350619
208136331
339034131
36033897
805313478
44347034
19250737
308002270
793303920
329415374
354708537
585974510
279398176
54281064
75440541
20175865
534883549
49534884
524348545
80415454
175297413
194615561
898574941
64786147
372560012
253378988
51322851
633370195
709512284
21253575
65863093
490007575
40039232
21603385
43035602
16582083
19328644
280252157
16050807
273071294
561671409
43182702
817269902
824329838
411765271
24848469
885614598
208755603
21967840
18244428
631530752
316375389
380526984
23272248
138190051
354401261
357792170
487769182
75386439
898146241
22047952
60329634
330693540
261791499
207999109
97782957
23091853
30208983
69503087
43737025
33966088
51083368
527276621
21567214
53509516
83696620
20709918
14784684
582927693
29799419
16067592
565883475
472343027
55270154
808061486
883068012
200134659
467296247
159737214
310305873
16616476
874342946
88071033
164402684
872612996
93961866
22253744
217651571
216579407
100591462
249377456
456031911
565451707
19141379
18856444
100147898
582362420
305163986
15918067
85330810
232555338
790529180
183085625
276786706
21006344
193797007
347803631
368793771
279129947
276747992
14237650
544072065
753817992
24966943
24966943
353400460
38122533
309378220
347697891
860562566
490007575
561671409
490007575
145838955
625003800
324747611
179526726
449106073
24393925
73598525
38226099
75944553
885838460
449106073
377528838
35094176
23101159
30966902
81011993
31622085
22936941
537407702
87565499
569546005
29756715
20709918
490007575
267970666
360157542
610094474
527276621
237553865
187879953
330575788
20795472
43875280
24966943
31176510
24966943
43169314
264422645
18856444
113552754
279831463
41634402
21062652
31176510
17274913
330693540
614597074
14567747
854992056
62645216
380002674
108673849
340891133
26936449
102375399
28674090
262970910
114009456
293967375
22817038
274196461
258590217
28030540
15753347
125273634
525687736
789581300
434910897
856600435
126301943
37321457
255719072
175297413
22371600
31176510
624272345
222861547
27169925
23409366
88078856
378963575
38521731
90918950
25908705
526576805
25787151
26812918
401147660
740961044
23449593
345551240
103594788
22936941
420811031
345026344
490007575
67931355
2554741
31057963
16156419
31176510
503917772
523504618
158232890
229875160
81011993
184166637
105105254
41330546
832441627
17422976
368569949
14726230
169947789
457784381
49099638
274773585
17743015
751226472
237559726
258568901
345330992
16377693
50458089
431767505
25888995
315460454
838680126
511146466
126405241
46719826
10168082
466850945
19572966
585872743
20791398
478048513
25445038
399770251
73598525
25357000
376885285
221040059
184049928
293967375
377528117
457784381
220810760
19637012
885488798
575972931
293967375
23440026
72991707
311519132
41689442
568352439
31954718
227837742
263929833
598319603
241053864
373465715
149240329
277399791
252190951
30682392
23375683
19950666
17084442
462460868
199549732
261092366
709932181
152649168
18059662
254692220
753533408
16799649
127315618
598881731
293967375
41015372
156064231
882947018
306586104
69318866
568411443
87591671
108326994
279898945
17882112
94928854
15423837
73415906
19055310
890637882
533670216
875480395
319337461
108326994
20497041
18104557
25787151
266201772
25325638
146031761
875559248
30311356
25400642
342453826
487190581
25445038
51234127
180828199
154067999
894387872
260352816
37806696
141461316
263336093
26495176
16156419
61615265
58879475
522758456
224907219
65490861
368793771
346206973
111539157
164678630
270973788
345551240
239533860
397984975
558802318
384393903
468567311
138922792
15730096
872992880
376499128
18882704
270220440
390431163
796080385
214049965
881017472
879765494
876682190
27385174
89121267
14974885
53230846
318363367
875633221
60938552
296630513
796655605
327795107
60938552
171304787
490946441
20126604
50580177
807711961
383164226
254311027
502067536
188410354
388708588
877933326
391766779
282719389
282719389
282719389
628211539
612687403
41560467
232579939
361835589
194851767
99140220
28762327
158980838
282939291
19401317
73783022
15320603
309629862
23951088
282719389
282719389
358124146
33811812
511632592
22822556
305676963
30023111
514383693
42010704
310553563
255007571
585182654
282719389
169530561
117498318
117142908
8250252
333077890
361835589
570859952
361835589
350545056
600566269
282719389
16378486
310553563
36723971
83453988
251282331
570859952
66246964
323933714
55615725
878004158
166346124
859176692
361835589
172183128
350545056
310553563
859176692
859176692
859176692
15041797
445281245
732651097
125207364
834495608
101616405
425424723
71349174
148720003
802500404
167862232
894260616
280252157
297328190
369553926
34544169
884517042
80677991
353125639
225524266
260952262
34544169
268264543
820520340
84087594
400067888
260952262
260952262
379262597
17777458
496672163
49204865
235718672
799867381
173419089
796128505
469896532
43089253
18076590
199875709
235718672
28003949
243339056
254499264
255401686
499809937
868097653
891120546
868097653
25448459
614558902
105604742
839177100
