0 0
39.7837304 -100.4458825
0 0
26.2276669543631 50.7029410584319
0 0
28.4770577407962 -82.4664181019762
0 0
0 0
0 0
0 0
40.8966214099478 -77.8385798823649
38.7298181270699 -90.1260310233037
53.4575797 -2.2266721
40.6637992775204 -73.938141660459
52.3681469301842 -4.10181564865493
40.6637992775204 -73.938141660459
34.3381013 35.8058352
35.583503383032 -97.5084653505946
0 0
15.1320893 -90.2895789
29.8755773741943 69.319536881023
0 0
39.7837304 -100.4458825
39.7837304 -100.4458825
22.5581396310953 79.5129424227077
34.0966764 -117.7196785
46.9340078888366 -56.3074171473392
40.6637996645291 -73.9381405944442
0 0
0 0
0 0
46.9340078888366 -56.3074171473392
0 0
0 0
0 0
0 0
0 0
51.323067981267 10.3702858803256
43.7229266605499 -79.3884344372254
42.9419592987041 -74.1906333396683
42.9419592987041 -74.1906333396683
0 0
0 0
14.4857102684187 121.021693761532
14.4857102684187 121.021693761532
14.4857102684187 121.021693761532
14.4857102684187 121.021693761532
42.9820733374162 -77.4098832845228
0 0
0 0
52.5014907949381 13.4023284264194
42.9684876327004 -75.6681744491876
37.1232245 -78.4927721
0 0
0 0
42.9684876327004 -75.6681744491876
51.5038234 -0.18913245
0 0
0 0
0 0
39.7837304 -100.4458825
0 0
0 0
0 0
0 0
32.8950269 13.1811777
0 0
55 -114.9999999
24.8741634 67.0317972
0 0
0 0
0 0
46.9340078888366 -56.3074171473392
39.7837304 -100.4458825
0 0
0 0
0 0
42.9684876327004 -75.6681744491876
32.3796995 15.0928768
43.9025136 -85.7120013
43.2099760575458 5.43602088577342
0 0
52.0799838 4.3113461
0 0
32.462024 -85.084944
0 0
36.1949274 -86.7417714
54.7240339308365 -3.31823790694781
41.9902585817254 12.4546124839749
0 0
54.7023545 -3.2765753
0 0
0 0
0 0
40.1317460972231 -74.6560445955786
40.6637992775204 -73.938141660459
42.1014831 -72.589811
39.7837304 -100.4458825
0 0
0 0
38.8556681 -77.0601552
34.3381013 35.8058352
0 0
0 0
0 0
0 0
25.9423400708658 50.5588636565972
0 0
25.9423400708658 50.5588636565972
0 0
0 0
0 0
0 0
34.46508895 -117.505971
39.9656575007997 -75.1810381230057
0 0
28.5421175 -81.3790462
34.3381013 35.8058352
29.6313486 -96.0651362
0 0
40.6637996645291 -73.9381405944442
0 0
0 0
-33.4519749 -70.73601855
0 0
39.7837304 -100.4458825
0 0
41.395059829161 2.0494413761056
0 0
0 0
0 0
25.7753464838061 -80.2098089934534
0 0
0 0
50.0725453073396 -85.8302326472676
0 0
0 0
39.7837304 -100.4458825
0 0
0 0
40.6637992775204 -73.938141660459
35.4918204714283 -80.9766099278456
40.6014555 -79.7597709
0 0
0 0
40.0079390043574 -104.817170308458
39.7837304 -100.4458825
0 0
0 0
0 0
0 0
0 0
0 0
0 0
0 0
0 0
0 0
0 0
0 0
48.8566222307003 2.34286499353072
41.0886156933281 -85.1431618852019
19.7306278 -156.0451016
0 0
35.7470095026886 -83.9783643613058
42.9119611567028 -87.8626546980281
35.2479715795471 -81.1843650882187
0 0
-36.6202097402867 174.801049900317
33.666667 73.166667
0 0
0 0
33.6087904530243 -117.863362323371
0 0
40.7133334 -73.9790668
41.4792769817251 -81.6802348293778
45.3547433 9.6542972
0 0
34.2935645943479 -111.664250444116
0 0
47.6195896809194 -122.351426321132
43.2099760575458 5.43602088577342
33.0487435451518 -117.262383038512
19.7306278 -156.0451016
0 0
42.7077891006143 -78.0315621393378
38.5427411764287 -86.4956122987764
28.4770577407962 -82.4664181019762
33.7030845691556 -117.761109254639
37.5893647791794 -122.36297407195
0 0
33.4709714 -81.9748429
51.5038234 -0.18913245
0 0
35.9940329 -78.898619
37.5125328842847 -78.7842249504687
40.2635794156016 -89.231200715351
33.899327 35.4690289
0 0
41.8756208 -87.6243706
46.9340078888366 -56.3074171473392
28.5421175 -81.3790462
0 0
0 0
0 0
35.5939325 -105.2238969
42.2900228 -87.903406
0 0
0 0
0 0
37.7340974 -122.3912596
0 0
0 0
0 0
0 0
8.44841416901994 -80.1587347062957
53.5121582 -2.2437248
53.548469777169 -113.535373186011
33.7490987 -84.3901849
34.0966764 -117.7196785
40.7608178 -111.8911983
0 0
46.9340078888366 -56.3074171473392
39.9086032590092 -86.2750253303807
39.7837304 -100.4458825
39.4390792663341 -83.8278009677133
33.669781 -117.9043161
0 0
0 0
32.7888347881421 -86.828827547511
0 0
-35.4891187 -62.9756965
43.0342532497134 -76.2894095617706
0 0
0 0
51.5038234 -0.18913245
39.7837304 -100.4458825
0 0
0 0
-35.4891187 -62.9756965
0 0
0 0
44.2540713485508 -68.2719833040346
0 0
42.3788774 -72.032366
34.3381013 35.8058352
0 0
0 0
38.56098432418 -121.257679208419
38.8951148 -77.0363716
0 0
0 0
0 0
0 0
0 0
45.9896587 -94.6113288
34.0966764 -117.7196785
0 0
46.1027468 7.0725673
38.9137226 -77.0494216
0 0
52.3681469301842 -4.10181564865493
0 0
43.2314015427296 -76.2960242859431
0 0
32.7898836389815 13.3369786964228
0 0
0 0
0 0
0 0
46.5407419725633 -102.867010725628
62.3598337860776 -149.069851665813
0 0
0 0
34.0966764 -117.7196785
19.7306278 -156.0451016
0 0
0 0
39.9860042309952 -82.9849910137012
30.5765947 -94.176199
0 0
33.919218336079 -117.873055411777
35.5260111527082 -79.1308217932097
0 0
25.9423400708658 50.5588636565972
37.1215794 -121.6473477
0 0
26.8693745 78.5930649
0 0
41.8756208 -87.6243706
0 0
40.0757384 -74.4041622
0 0
46.9340078888366 -56.3074171473392
46.9340078888366 -56.3074171473392
34.3381013 35.8058352
0 0
36.1949274 -86.7417714
0 0
0 0
0 0
0 0
29.5317960897956 -95.3706699269197
0 0
0 0
0 0
38.9277137720332 -76.7377058430724
40.2224755826074 -75.3998227152858
52.3681469301842 -4.10181564865493
0 0
0 0
0 0
51.9472808 -2.0604139
31.9502444609637 -102.172474678785
0 0
0 0
51.0000003 9.9999997
38.8666381064203 -76.9897904637991
27.1410689746388 18.0400923697049
0 0
0 0
-35.4208140908279 -65.1122884248865
32.3796995 15.0928768
0 0
0 0
0 0
31.4889010969327 -99.3535717927991
40.6637992775204 -73.938141660459
45.3547433 9.6542972
0 0
0 0
0 0
54.7026529241702 -3.27634313190921
0 0
32.1170043 20.0669846
38.8951148 -77.0363716
0 0
0 0
39.0361288978714 -95.6954084769579
38.8666381064203 -76.9897904637991
0 0
0 0
38.9120559 -77.0546995
54.7026529241702 -3.27634313190921
39.7837304 -100.4458825
39.7837304 -100.4458825
29.6313486 -96.0651362
34.2338003271383 -102.409175877629
0 0
0 0
38.8666381064203 -76.9897904637991
37.8857582 -122.1180201
32.7898827557247 13.3369763535347
52.3744779 9.7385532
40.3519297 -102.8513197
38.4100020565869 -82.5283883472946
0 0
0 0
0 0
0 0
-21.3018599 165.4878868
35.6705316988542 -105.968603103232
0 0
0 0
23.7606822353147 90.4496274760046
51.5072648 -0.1278328
0 0
0 0
0 0
0 0
0 0
0 0
0 0
0 0
0 0
0 0
0 0
40.5475968 -75.561297
38.3316297408394 -85.7023797004907
26.8234472 18.1236723
0 0
40.6637996645291 -73.9381405944442
47.6195896809194 -122.351426321132
-4.7993352 114.5632028
0 0
0 0
34.3381013 35.8058352
43.2099760575458 5.43602088577342
0 0
29.8575373614321 -95.3936424883805
35.7470095026886 -83.9783643613058
31.4889010969327 -99.3535717927991
37.0259038830179 -107.877622502258
43.4113418161054 -106.277079251711
55.7516147 37.6187089
32.462024 -85.084944
-33.4379537 -70.650404
0 0
-6.1809269 106.8284591
39.6943418584552 -104.704487984426
26.8234472 18.1236723
0 0
0 0
34.0966764 -117.7196785
51.0000003 9.9999997
0 0
0 0
0 0
-0.3666 35.2833
45.3547433 9.6542972
0 0
37.5125328842847 -78.7842249504687
0 0
51.7681389338245 -0.236793206801447
31.9502444609637 -102.172474678785
40.6637992775204 -73.938141660459
55.7008591936848 -113.392296279698
32.8950269 13.1811777
0 0
0 0
0 0
0 0
42.9569139 -94.4409835
0 0
27.1410689746388 18.0400923697049
0 0
32.7715227 -89.1167275
40.9251820448963 -82.0558590419221
28.4770577407962 -82.4664181019762
0 0
46.9340078888366 -56.3074171473392
0 0
28.4770577407962 -82.4664181019762
47.6765073 -122.3862233
25.9423400391532 50.5588635577687
28.4770577407962 -82.4664181019762
25.9423400391532 50.5588635577687
28.4770577407962 -82.4664181019762
25.9423400391532 50.5588635577687
0 0
55.9538125 -3.1881474
25.9423400391532 50.5588635577687
0 0
32.7898836389815 13.3369786964228
0 0
25.9423400391532 50.5588635577687
25.9423400708658 50.5588636565972
25.9423400391532 50.5588635577687
0 0
0 0
25.9423400708658 50.5588636565972
0 0
0 0
25.9423400391532 50.5588635577687
42.9684876327004 -75.6681744491876
0 0
0 0
39.7837304 -100.4458825
25.9423400391532 50.5588635577687
0 0
0 0
46.9700597145559 -124.152016041768
52.5393755 13.4209963
0 0
0 0
27.6886419 -82.5723193
47.3752671 -109.6387579
0 0
43.1898344538681 -96.1326737355398
25.9423400391532 50.5588635577687
32.8950269 13.1811777
34.3381013 35.8058352
0 0
0 0
42.3604823 -71.0595678
35.7811149782033 -78.81406990273
25.9423400391532 50.5588635577687
25.9423400391532 50.5588635577687
47.6195896809194 -122.351426321132
38.5815719 -121.4943996
42.9684876327004 -75.6681744491876
0 0
25.9423400391532 50.5588635577687
34.0659329 -84.6768796
0 0
42.7676461315722 -86.0985266965975
41.8756208 -87.6243706
33.5631882397003 -86.6060930738465
0 0
0 0
0 0
0 0
38.7455626 -90.3632649
32.7888347881421 -86.828827547511
39.7837304 -100.4458825
0 0
40.0706231 -82.1756986
0 0
30.691068 -81.9173334
46.3167123531738 -94.3087317829019
0 0
33.9715582436378 -117.571304035459
0 0
31.4889010969327 -99.3535717927991
0 0
0 0
0 0
0 0
14.4857102684187 121.021693761532
42.9684876327004 -75.6681744491876
0 0
28.4770577407962 -82.4664181019762
49.2500011 -122.9500111
0 0
0 0
0 0
50.7309796 -3.5226011
0 0
40.2635794156016 -89.231200715351
39.7837304 -100.4458825
42.253068533117 -71.7971827014699
34.2935645943479 -111.664250444116
38.8666381064203 -76.9897904637991
0 0
40.6637992775204 -73.938141660459
40.6637992775204 -73.938141660459
0 0
0 0
30.5881207783496 -96.295321731974
41.4792769817251 -81.6802348293778
42.2111479283453 43.3079197535714
0 0
36.4993007 -80.6072859
40.414375588896 -82.7103325006327
0 0
37.0787440602975 -113.579577724679
0 0
0 0
36.1949274 -86.7417714
0 0
0 0
31.3446262 -95.0812254
0 0
0 0
0 0
45.6358634566841 -122.600221698704
0 0
0 0
37.1933966634309 -100.851306076475
0 0
0 0
0 0
26.334167 127.805556
42.2111479283453 43.3079197535714
36.2038772037251 -86.34555297694
32.0392198559498 -81.1688879370436
34.574307 -112.5035725
0 0
44.3890948804148 -114.659381229814
-21.3018599 165.4878868
52.4813678 -1.8980725
19.8557561779443 145.313199870233
0 0
42.9684876327004 -75.6681744491876
0 0
0 0
40.6017707 -74.2047668
0 0
0 0
41.4792769817251 -81.6802348293778
0 0
29.8755773741943 69.319536881023
27.9089301532562 -82.7724721586567
0 0
0 0
0 0
38.9277137720332 -76.7377058430724
41.1684527819576 -73.7619702788087
40.3270127 -86.1746933
0 0
0 0
0 0
40.71255833 -74.28936009
35.6006041220685 -105.220351403678
49.2025864373207 3.54805796409424
26.2191995021352 -98.2446791592708
27.7463347329237 -82.7099774508057
38.8951148 -77.0363716
0 0
42.9684876327004 -75.6681744491876
46.9340078888366 -56.3074171473392
0 0
0 0
0 0
0 0
40.2635794156016 -89.231200715351
0 0
61.576921268227 -149.465345575795
0 0
14.4857102684187 121.021693761532
42.0753048284751 -73.6017433404334
39.3237378620219 -111.678210258026
0 0
42.9684876327004 -75.6681744491876
42.9684876327004 -75.6681744491876
14.4857102684187 121.021693761532
49.5915624 -98.0027174
36.421939056723 104.23021048796
0 0
0 0
28.4770577407962 -82.4664181019762
42.253068533117 -71.7971827014699
28.4770577407962 -82.4664181019762
0 0
0 0
34.5963061 -117.3817356
48.7150439079687 9.20124161246674
41.8756208 -87.6243706
0 0
0 0
31.8160381 -99.5120986
42.9684876327004 -75.6681744491876
0 0
41.8756208 -87.6243706
32.8170355705203 -117.133438528581
40.414375588896 -82.7103325006327
31.4889010969327 -99.3535717927991
35.8221492581122 -95.6818639172519
-34.69192925 138.58751835
45.3547433 9.6542972
0 0
28.477052520335 -82.4664127164481
0 0
30.4924268 -97.2026694
0 0
34.574307 -112.5035725
28.4770577407962 -82.4664181019762
0 0
38.8951148 -77.0363716
33.919218336079 -117.873055411777
26.334167 127.805556
40.8329972433544 -74.2433774691729
39.5866093780643 -75.3518693795619
40.6637992775204 -73.938141660459
0 0
39.1231242661439 -76.7915363636522
42.9684876327004 -75.6681744491876
0 0
42.9684876327004 -75.6681744491876
0 0
0 0
49.2025864373207 3.54805796409424
0 0
36.839862 -76.2989285
0 0
38.8951148 -77.0363716
0 0
0 0
0 0
35.5260111527082 -79.1308217932097
37.2387577 -76.5096706
28.5421175 -81.3790462
0 0
0 0
0 0
0 0
26.7056206 -80.0364297
0 0
0 0
37.2409857 -78.4594395
39.7935978 -104.8334858
37.7798139 -122.3911499
42.3442482 -75.1704468
36.0728557418275 -94.1651618945681
-21.3018599 165.4878868
40.499925 -74.455129
0 0
29.9833182125878 -95.332719723864
0 0
0 0
38.5475485131703 -97.1543135457367
34.0966764 -117.7196785
44.2657131118236 -72.5717018071081
0 0
39.9860051164966 -82.9849931607459
0 0
7.91733452715345 126.267074164232
0 0
0 0
39.7837304 -100.4458825
26.0336331657149 -80.1486615202097
3.51667 39.15
-35.4891187 -62.9756965
34.0966764 -117.7196785
31.1022820067037 -97.3786891436982
38.8951148 -77.0363716
38.0731455056924 -120.551599458976
0 0
0 0
0 0
0 0
0 0
34.0966764 -117.7196785
49.2025864373207 3.54805796409424
32.1957274020695 -83.1756889224863
0 0
0 0
45.3547433 9.6542972
28.4770577407962 -82.4664181019762
0 0
33.4448044453891 -117.70575247094
48.51886405 2.3718805
0 0
0 0
40.4661619556515 -74.319758687005
0 0
28.477052520335 -82.4664127164481
32.7715227 -89.1167275
-34.69192925 138.58751835
0 0
-37.823594146664 145.181088211449
3.91616326261033 109.530932994117
0 0
0 0
0 0
40.97819645 -74.094494
44.6407610635844 -89.7337411530195
0 0
46.9760067 7.47234795
29.1806792671471 -82.146505342723
0 0
17.4204444461272 9.4004088676096
0 0
42.275564194383 -71.1639021898088
35.5260111527082 -79.1308217932097
-21.3018599 165.4878868
37.5125328842847 -78.7842249504687
30.2674473 -97.7425618
38.8298636838324 -104.83232300589
42.9684876327004 -75.6681744491876
14.4857102684187 121.021693761532
0 0
40.5508527 -105.0668085
40.6178915 -75.3786521
38.8951148 -77.0363716
44.3890948804148 -114.659381229814
0 0
42.3750997 -71.1056157
0 0
0 0
36.0391456 -114.9819235
44.4454014359065 -92.2795181167507
0 0
41.8756208 -87.6243706
38.9877735986165 -77.020672941526
40.7902778 -73.9597222
31.4889010969327 -99.3535717927991
37.7798139 -122.3911499
47.6195896809194 -122.351426321132
0 0
0 0
39.7837304 -100.4458825
0 0
0 0
37.7798139 -122.3911499
40.7029335 -73.6208315
0 0
42.3971726243827 -83.3733273763063
0 0
0 0
0 0
40.6637992775204 -73.938141660459
30.4380832 -84.2809332
50.0415358 -110.6775465
0 0
0 0
0 0
0 0
0 0
0 0
14.4857102684187 121.021693761532
38.4847205003067 -98.3802077103331
32.7888347881421 -86.828827547511
33.5483344995291 -86.5567343455481
0 0
28.4770577407962 -82.4664181019762
0 0
16.3126806994275 106.367897087277
34.2935645943479 -111.664250444116
33.5135068 36.2754315
39.2975936 -94.7158043
40.0467781 -74.9861806
45.3547433 9.6542972
39.7683795 -86.1580447
37.7798139 -122.3911499
0 0
0 0
0 0
0 0
0 0
0 0
44.873789591494 -85.7305392647706
0 0
39.7837304 -100.4458825
0 0
34.2338003271383 -102.409175877629
29.6313486 -96.0651362
38.6751523748511 -121.14801564573
39.531096914181 -104.870132157994
43.1609582311674 -73.0709933844984
0 0
36.2534839 -77.979887
14.4857102684187 121.021693761532
0 0
29.4246002 -98.4951405
37.5266535167382 -85.290451313485
0 0
0 0
38.4617199 -90.2875156
28.477052520335 -82.4664127164481
43.1609582311674 -73.0709933844984
37.4892312379675 -92.0977482443755
0 0
44.3956249 -69.5711544
35.5260111527082 -79.1308217932097
36.0391456 -114.9819235
32.1170043 20.0669846
33.919218336079 -117.873055411777
43.9734286390891 -75.9093565126704
0 0
38.8951148 -77.0363716
38.9517777090312 -76.6993720409835
0 0
25.7753464838061 -80.2098089934534
41.8756208 -87.6243706
0 0
0 0
43.1688417971729 -77.6159448611057
0 0
53.501992329249 -113.493219480313
42.9684876327004 -75.6681744491876
61.576921268227 -149.465345575795
35.962782 -83.9201555
37.5105191453511 -78.6880292074937
0 0
48.1678178633889 -122.146484222143
49.2025864373207 3.54805796409424
39.3237378620219 -111.678210258026
51.7681389338245 -0.236793206801447
0 0
39.9086758026305 -86.2752302104939
0 0
39.7311605099723 -84.0626639985957
34.2479714123448 9.66375871166301
43.5401014577368 -96.7381796734993
0 0
34.1916515951293 -118.875733308637
35.6689167822802 -97.4159814609115
30.4507462 -91.154551
-35.6497775351568 -65.1260199575658
-21.3018599 165.4878868
0 0
25.9773466521907 -80.3354553618985
0 0
0 0
0 0
40.7608178 -111.8911983
0 0
0 0
43.2314015427296 -76.2960242859431
40.414375588896 -82.7103325006327
34.1709746496809 -83.9132720991292
0 0
0 0
40.414375588896 -82.7103325006327
41.6395557519921 -75.7048498925631
14.4857102684187 121.021693761532
0 0
47.6195896809194 -122.351426321132
25.775336173525 -80.2098157036709
0 0
40.4705514039261 -83.8886258451583
32.6395776 -96.5382228
33.666667 73.166667
0 0
51.5038234 -0.18913245
0 0
0 0
0 0
0 0
38.7317816 -77.0448768
0 0
56.5 -4
52.5014907949381 13.4023284264194
26.8693745 78.5930649
0 0
43.7229266605499 -79.3884344372254
48.7764765495561 2.29645312233244
40.414375588896 -82.7103325006327
0 0
41.0458110237233 -83.6379816792052
0 0
0 0
0 0
0 0
0 0
0 0
42.6973054 23.3199839
0 0
0 0
48.1527300468438 -123.676638108944
0 0
52.0799838 4.3113461
0 0
42.4250964 -71.066163
0 0
0 0
45.0155105054204 -93.1544471386552
0 0
0 0
32.7888347881421 -86.828827547511
0 0
0 0
27.1410689746388 18.0400923697049
26.8693745 78.5930649
0 0
26.8693745 78.5930649
25.9423400391532 50.5588635577687
0 0
0 0
0 0
0 0
40.1317460972231 -74.6560445955786
51.5038234 -0.18913245
0 0
0 0
39.0979348105746 -84.5044736684466
51.4835299 -3.1836873
0 0
29.8755773741943 69.319536881023
0 0
25.9423400708658 50.5588636565972
26.8693745 78.5930649
0 0
25.9423400391532 50.5588635577687
0 0
25.9423400708658 50.5588636565972
25.9423400708658 50.5588636565972
25.9423400708658 50.5588636565972
36.7014631 -118.7559974
0 0
41.6639730384058 -83.5819400927175
0 0
0 0
39.1877075524891 -96.6050788249349
44.6407610635844 -89.7337411530195
53.5121582 -2.2437248
35.8819848 -78.3138108
0 0
34.008926809091 -81.0727050425296
0 0
0 0
34.5963061 -117.3817356
-33.0546283163223 -71.5972182760701
30.5720001332691 -87.8565343393709
0 0
30.0799405 -95.4171601
35.8326085005232 -78.6447478136395
40.7498243 -73.7976337
37.1215794 -121.6473477
30.5720001332691 -87.8565343393709
0 0
0 0
33.7630245218778 -84.4228731308239
54.7026529241702 -3.27634313190921
37.1215794 -121.6473477
37.1215794 -121.6473477
40.6006596 -74.1948665
0 0
0 0
0 0
38.8951148 -77.0363716
31.5621916 74.3228517
39.7837304 -100.4458825
0 0
0 0
0 0
33.007411020078 -97.1674215223075
0 0
38.8951148 -77.0363716
0 0
38.8951148 -77.0363716
0 0
51.5038234 -0.18913245
17.9712148 -76.7928128
0 0
0 0
0 0
33.9076520805286 -98.5302903683807
40.0467781 -74.9861806
62.3431032404063 16.9018748755589
39.7837304 -100.4458825
