[12, 226229231, 22732488]
[12, 22732488, 226229231]
[62513246, 226229231, 17463140]
[62513246, 17463140, 226229231]
[2384071, 226229231, 22732488]
[2384071, 226229231, 3237429959]
[2384071, 3237429959, 226229231]
[2384071, 22732488, 226229231]
[816653, 226229231, 22732488]
[816653, 226229231, 3237429959]
[816653, 3237429959, 226229231]
[816653, 22732488, 226229231]
[24775410, 226229231, 17463140]
[24775410, 226229231, 22732488]
[24775410, 17463140, 226229231]
[24775410, 22732488, 226229231]
[106373558, 226229231, 17463140]
[106373558, 17463140, 226229231]
[44196397, 226229231, 22732488]
[44196397, 226229231, 3237429959]
[44196397, 3237429959, 226229231]
[44196397, 22732488, 226229231]
[586, 226229231, 17463140]
[586, 226229231, 3237429959]
[586, 17463140, 226229231]
[586, 3237429959, 226229231]
[1636590253, 226229231, 22732488]
[1636590253, 226229231, 3237429959]
[1636590253, 3237429959, 226229231]
[1636590253, 22732488, 226229231]
[3237429959, 226229231, 6385432]
[3237429959, 226229231, 93957809]
[3237429959, 226229231, 15492359]
[3237429959, 226229231, 783214]
[3237429959, 226229231, 15076390]
[3237429959, 226229231, 50393960]
[3237429959, 226229231, 20536157]
[3237429959, 226229231, 60642052]
[3237429959, 226229231, 1615618795]
[3237429959, 783214, 226229231]
[3237429959, 1615618795, 226229231]
[3237429959, 50393960, 226229231]
[3237429959, 20536157, 226229231]
[3237429959, 93957809, 226229231]
[3237429959, 15076390, 226229231]
[3237429959, 6385432, 226229231]
[3237429959, 15492359, 226229231]
[3237429959, 60642052, 226229231]
[12387072, 226229231, 22732488]
[12387072, 22732488, 226229231]
[14214982, 226229231, 17463140]
[14214982, 17463140, 226229231]
[989, 226229231, 22732488]
[989, 22732488, 226229231]
[15492359, 226229231, 22732488]
[15492359, 22732488, 226229231]
[838673862, 226229231, 17463140]
[838673862, 17463140, 226229231]
[20571756, 226229231, 22732488]
[20571756, 22732488, 226229231]
[747153, 226229231, 17463140]
[747153, 17463140, 226229231]
[14243446, 226229231, 17463140]
[14243446, 17463140, 226229231]
[3198991, 226229231, 17463140]
[3198991, 17463140, 226229231]
[376825877, 226229231, 22732488]
[376825877, 22732488, 226229231]
[14075928, 226229231, 22732488]
[14075928, 22732488, 226229231]
[93957809, 226229231, 22732488]
[93957809, 22732488, 226229231]
[2281044080, 226229231, 17463140]
[2281044080, 17463140, 226229231]
[15808647, 226229231, 22732488]
[15808647, 22732488, 226229231]
[2893971, 226229231, 22732488]
[2893971, 22732488, 226229231]
[18839785, 226229231, 22732488]
[18839785, 22732488, 226229231]
[2916305152, 226229231, 17463140]
[2916305152, 17463140, 226229231]
[5943622, 226229231, 22732488]
[5943622, 22732488, 226229231]
[6331462, 226229231, 17463140]
[6331462, 226229231, 22732488]
[6331462, 17463140, 226229231]
[6331462, 22732488, 226229231]
[42226885, 226229231, 22732488]
[42226885, 22732488, 226229231]
[68170267, 226229231, 17463140]
[68170267, 17463140, 226229231]
[14553715, 226229231, 22732488]
[14553715, 22732488, 226229231]
[20263710, 226229231, 17463140]
[20263710, 17463140, 226229231]
[166739404, 226229231, 17463140]
[166739404, 17463140, 226229231]
[2326563562, 226229231, 22732488]
[2326563562, 22732488, 226229231]
[60642052, 226229231, 17463140]
[60642052, 226229231, 22732488]
[60642052, 17463140, 226229231]
[60642052, 22732488, 226229231]
[14130366, 226229231, 22732488]
[14130366, 22732488, 226229231]
[20536157, 226229231, 17463140]
[20536157, 17463140, 226229231]
[50393960, 226229231, 22732488]
[50393960, 22732488, 226229231]
[783214, 226229231, 22732488]
[783214, 22732488, 226229231]
[17503180, 226229231, 22732488]
[17503180, 22732488, 226229231]
[226229231, 6844292, 22732488]
[226229231, 17463140, 111701670]
[226229231, 17463140, 441636351]
[226229231, 17463140, 2604068238]
[226229231, 6385432, 22732488]
[226229231, 22732488, 6844292]
[226229231, 22732488, 972651]
[226229231, 22732488, 113130846]
[226229231, 22732488, 6385432]
[226229231, 22732488, 15076390]
[226229231, 111701670, 17463140]
[226229231, 441636351, 17463140]
[226229231, 2604068238, 17463140]
[226229231, 113130846, 22732488]
[226229231, 972651, 22732488]
[226229231, 15076390, 22732488]