256433
254373
252205
250234
248079
246033
244006
241809
239792
237597
235570
233452
231305
229097
226960
224644
222667
220455
218373
216263
213988
211932
209525
207652
205078
203220
200928
198699
196430
193792
191852
189739
187557
184970
182764
180558
177932
175711
173860
171272
168817
166299
164404
161917
159372
157122
154627
152586
150095
147670
145077
142853
140542
137928
134849
132828
130281
127733
125514
122891
120009
117263
114954
112028
110022
107536
104523
102194
99657
96631
93935
90830
88076
85980
82729
79948
77376
74329
71119
68590
65528
62469
59800
56459
53461
49954
46628
43704
40690
37108
33616
30195
26852
22853
19479
15587
11322
6659
2063