226229231
372480639
53830401
2916305152
3237429959
22732488
17463140
3245631819
1140949538
37680547
1925693066
2573880420
2835662000
87532773
6253282
63359297
68639853
386170457
91985735
316869223
533627349
318125560
46655302
1398603546
2735246778
80422885
2598162997
316389142
205633346
539705648
26547694
1631299117
2857515684
30315557
838673862
6844292
376825877
1615618795
2251588934
297871169
589444985
101864611
254495183
115882166
234859616
3250115168
3195758450
1929245611
235727360
31536253
14409265
14115045
277894800
1531669496
1188951
33388650
14419089
1582341876
14065609
2530135165
1536791610
22330739
22003865
1290834806
1679630443
357063176
61409445
3031120186
2512853204
3077869279
32423136
85741735
2931194496
2317380504
1526052913
2782486272
86137429
34691819
100475306
2604068238
2196922086
3114423720
948635953
3108045010
2546967049
14897303
3101410946
44657496
3009992899
29749227
185728888
30488144
67763061
1247551502
111701670
2178012643
15333047
2893971
3019412774
1347753500
405427035
30973
2182812798
569569550
15127356
2940079700
15118418
19364978
17611208
914061
14936846
2979430185
113381300
100037113
64719766
6331462
68170267
106373558
77962561
951522626
12387072
605804404
51140674
1922861
974861
16884623
767894064
2609917590
15519565
103637045
2451476942
113130846
2289618368
5943622
9078772
2305835828
2855255702
160458047
332908858
282430847
815547528
1606588254
1544098640
867394322
2765974980
2253142422
554867743
87279159
19103481
12044602
53855453
331158246
31964589
341870293
2471359482
14492722
139193277
734672100
239505770
155823836
19879313
2217099931
502281810
202571491
564919357
501146137
21707785
26818740
21912403
47755879
30972937
216939636
298552136
68042434
2649790560
138779850
469412414
21424669
161783442
18985027
18713025
20172250
22823252
123468511
412116759
2602959463
14553715
2168092658
32337871
2557037323
59103510
78299985
1345393938
178812809
102154232
100322679
101798589
326706343
15300300
480782173
568175366
2557331808
151432737
16001482
29398579
2480079168
1555496156
1346439824
2183816041
130104041
441636351
15364101
5052
15448910
2481388164
20891198
1176135546
139876086
121828797
1579422614
47786101
42228666
1252382059
469019879
39413716
374526155
1109129574
61180382
531591023
42540916
321132824
23412857
50586700
11757522
171827285
11854052
16317096
212702867
149763
5939732
46885220
253152603
42628439
893431
57267301
2375721396
223110908
6989452
15265603
171009315
143776014
3198991
104799662
272067644
747153
17366184
571589558
223807771
14110752
3382
9081272
2163039523
1657730988
1546101560
124767141
5824912
484973443
8806712
332012070
987383070
30047168
40049821
65796823
1867843520
14393567
52321035
455810310
16416727
51717952
17239667
114894699
178248558
14471155
8167022
67557021
81339834
50941565
135227064
17193794
298625735
72497588
127798115
915789252
283053195
2354388523
219617448
50393960
36783881
24775410
2326563562
27814665
60642052
159124891
6504602
428248880
69279952
108698830
5215
928219752
159203775
343739513
252792134
15407438
15758034
18783501
207773069
15234886
416630123
14278978
13566872
1187955571
20571756
856741
2281044080
51772778
426430557
24752484
1170885648
15075394
15105000
1526228120
33838201
168264219
104153680
250495841
20562637
21576543
283108742
551851294
431558375
758632728
2231285282
1356595452
115485051
46608340
47840951
919079586
34382125
231894697
1582702788
14075928
18254364
1273310648
64482503
1349082427
518930655
58565342
185677963
221353643
434671128
2185946690
1110733580
132702118
210779782
426562635
624879916
1713963577
23406806
449588356
97426170
142334215
1001286684
406172437
1456742418
300735398
417656212
256669567
1495255914
69181624
1890240859
31479252
434270813
117052405
189068159
30352096
64324543
14842853
16942956
93711247
15308679
2147760103
75989138
335099279
21014078
1871904372
44771048
47576547
39717067
91867783
19130146
6385432
586
20263710
17899109
17490768
207809313
45570140
22938914
1666038950
1636590253
49578370
168857946
38212537
252965572
94682674
159714480
792690
352053266
631289812
2467791
104208095
22513829
50254941
265178794
491994086
101358177
79347607
52551600
15179424
55168954
1565631157
106513920
325731622
434865048
23754854
99237022
1337785291
52575969
14320997
344634424
259925559
79421749
755718001
192813562
35927341
169469555
636799960
14372486
255147004
502972522
14800270
305486456
49753110
113357841
889038620
90812874
332260518
168606635
356893311
80782060
358814014
1102984189
575188047
186054339
339439341
586361294
385226943
256296877
740726467
447908664
16610891
543699683
58243368
473235312
37060788
44196397
1220238792
17790274
727670113
17482727
406969622
17595439
248595702
824604764
20125269
53276859
46704429
86478153
325190623
41012588
328302738
5676102
338304891
8160872
15808647
517110438
24889586
261162150
276445549
561335546
64650016 
14214982
238034157
347861221
193767799
88856792
41589887
114100943
718339986
408812955
44826297
129759833
13058232
26074603
127569781
5956982
449563624
47062869 
144480494
815674142
14749606
260654014
75843013
33094047
555135288
443041852
52729592
58756078
100796425
571202103
174062493
106333951
61306578
5637652
74543
17503180
251048897
215155315
110949597 
27069499
152959782
207171775
166231060
74181214
14243446
580038260
360494710
171889258
15818391
478727490
330887391
459829116
2029641
532041967
34713500
21996247
759251
11620792
817209
91478624
488153320
21009196
128361193
180505807
31986700
15188383
162397949
20524268
31604155
163188236
103323813
184457494
471741741
14209720
410719820
30430816
36657926
114795028
110025421
174452224
121558178
28138900
407027622
22532755
16237067
7905122
57947109
56644783
396238794
14677919
58545637
989
42226885
121247245
14328066
27206563
409867589
14130366
43551888
16399949
32718488
20404983
92708272
18375354
12
195849620
40666515
106620826
14130784
14727207
378223565
20536157
277434037
257492733
135109677
83265346
434064910
49128870
336116660
133880286
14722480
55486675
11695052
141527741
410275306
16879392
381913973
215597791
412761520
93957809
64764487
152251488
14118608
31834922
141615129
18393501
2735591
371820497
11518842
972651
749963
15492359
93640121 
108669948
816653
113425681
15443742
16200080
160817572
304185486
62513246
337820373
87703796
727813
616163
14224973
594103
668473
4488
11848
46063
7456262
295
5446532
1081
15934340
14600116
5702
13041
50090898
44423
13416712
808627
49793
2384071
75854417
34197952
18839785
24705126
79915337
55520719
41898533
53414786
121677709
19895282
227232637
142958042
134418402
111765101
101452893
57014554
783214
20751449
46318423
20
14162012
839321
15076390
6629912
165391600
166739404
223484260
73282619
33868638
86769741
145620059
953
5848002
78183820
14411797
14572992
17218424
1186
28638677
14097951
14417215
3260518932
61391304
1245320090
18350619
87299430
69426451
11113
10755542
34561199
3666586997
47746264
24277551
27629038
13010422
29436001
1025247380
14995358
3686713456
19127782
15033360
29264269
6446742
110276487
3428102007 
201568456
14157659
14609434
118940076
8798682
126122693
316542734
172760156
17919972
27260086
381679006
242818718
904954086
193929442
25073877
2795254363
189063554
14749056
2719829002
217158161
15008959
16977640
2363571
28510488
3281956568
54653517
3274940484
516778814
20418287
2217099931
694673
3006375111
281649695
44466062
132703319
26966991
157804752
3196849572
1536791610
14256647
163160102
29468105
1582341876
250175612
22891211
30781760
22557342
15839499
286367701
23126820
31012078
14486697
6805212
258776272
14860415
2139211
156417821
550644052
9213492
7407282
128700476
18205202
1746361
78194111
82789484
96419510
3096603629
448476934
14484577
17495892
989489610
169686021
198873588
17400516
1692881
100347950
51263592
63882806
978
14454645
9544202
23539291
17029883
15416112
14135641
260119420
2305692510
17896113
1383966032
69997962
20
8962882
2663321713
14168561
247393975
264963462
2761869095
16778949
21586418
102226744
15259642
242382715
8253682
575999970
33287494
610659001
35809640
19563477
78665818
14795980
1305940272
62798071
4265731
19766751
16459122
18337283
26565941
246915271
644113
16201775
5510452
15838676
22655743
16369797
1979921
8475852
58832110
14056365
1337271
15524875
35739495
2646651588
14167938
12111772
2208027565
14416798
107146095
416814339
586
2424272372
2669499206
1610646036
407933800
2048741
601247231
55854974
15075881
18795534
5507902
7993502
277340370
391825221
15214830
7694352
385473825
261483556
208435501
15433693
2480079168
31191129
14706374
15101636
130390598
259446460
2511477648
2255036665
20611022
26659703
17852401
18330451
18839785
5869402
122766458
2541999628
14715999
14933269
24141542
6562172
44471310
130368147
23760629
4612141
15750223
19328426
2472082856
49413866
14136341
400120875
14216557
23119507
73061892
23842908
300392950
243013128
15517162
5045181
46063
22523955
24328692
9556642
22961818
242359437
13746302
359524790
54638025
33785250
25019638
59517188
2195887807
14129316
15856149
12967532
53178109
16896060
237472727
21747265
12893512
14974965
37968189
22344561
14066247
1643529385
13061762
133583134
17791266
33346676
2303751216
8345722
2377603003
11813582
15105000
2529971
1074544400
3452911
14161459
308025755
1432977446
15603374
11739102
93954161
9317922
26123649
39838026
170920351
795244
14653230
57963332
421683
133805431
16244315
249119776
46440718
434655657
14061523
20287680
567581600
142730813
14799978
61290495
53120768
2256645015
116947296
5943622
3291691
14717846
188259731
29906864
11407672
6604912
1152279248
14087951
